0.          0.58690214 -0.49310839
-4.65661287e-10   2.04720187e+00  -7.26266682e-01
0.22736248  5.27515173 -0.40894145
1.65554428  5.11901188 -0.43203467
4.79883289  1.48995829 -0.27798676
-0.22736248  5.27515173 -0.40894145
-1.65554428  5.11901188 -0.43203467
-4.79876375  1.48985219 -0.27908379
-4.65661287e-10   5.98671865e+00  -5.74016511e-01
2.68671033e-06   6.30015135e+00  -4.60179687e-01
8.01713441e-07   6.66849136e+00  -3.53741676e-01
1.01381671  0.50603551 -0.57584596
1.25060236 -7.4947629  -0.39835551
-1.01381671  0.50603551 -0.57584596
-1.25060236 -7.4947629  -0.39835525