PELVISMID 0.0 0.105757 -0.405152
BELLYBUTTON 0.0 1.61833 -0.6405
CLAVICLER 0.22608 5.19163 -0.428112
SHOULDERL 1.48819 5.14209 -0.430065
WRISTL 4.37194 1.76123 -0.389497
CLAVICLEL -0.22608 5.19163 -0.428112
SHOULDERR -1.48819 5.14209 -0.430065
WRISTR -4.37187 1.76116 -0.39052
NECKLOW 0.0 5.91179 -0.650275
NECKMID 2.92559e-06 6.30875 -0.447065
NECKHIGH 8.66751e-07 6.6702 -0.347761
PELVISL 1.01031 -0.00869332 -0.46439
ANKLEL 1.16714 -8.03014 -0.338565
PELVISR -1.01031 -0.00869333 -0.46439
ANKLER -1.16714 -8.03014 -0.338565
