-1.0163 3.9485 0.8908
-1.0070 3.9441 0.8964
-0.9982 3.9359 0.8984
-0.9903 3.9275 0.9008
-0.9845 3.9148 0.9015
-0.9827 3.9017 0.8982
-0.9798 3.8880 0.8969
-0.9824 3.8753 0.8927
-0.9918 3.8692 0.8860
-1.0014 3.8715 0.8814
-1.0132 3.8764 0.8773
-1.0217 3.8861 0.8764
-1.0272 3.8968 0.8760
-1.0326 3.9110 0.8764
-1.0307 3.9273 0.8788
-1.0255 3.9414 0.8845
1.0163 3.9485 0.8908
1.0070 3.9441 0.8964
0.9982 3.9359 0.8984
0.9903 3.9275 0.9008
0.9845 3.9148 0.9015
0.9827 3.9017 0.8982
0.9798 3.8880 0.8969
0.9824 3.8753 0.8927
0.9918 3.8692 0.8860
1.0014 3.8715 0.8814
1.0132 3.8764 0.8773
1.0217 3.8861 0.8764
1.0272 3.8968 0.8760
1.0326 3.9110 0.8764
1.0307 3.9273 0.8788
1.0255 3.9414 0.8845
